Name,ID,Tags
,,fsdfsd
,,fdsfsdf
Stretch strojní,1,"fdsfs, fdsfsdf, fsdfsd"
,,fdsfs